48158
48159
48347
48371
48372
48411
48371
48372
48413
48371
48372
48450
48371
48372
48452
48371
48372
48454
48371
48372
48456
48371
48372
48458
48371
48372
48469
48470
48471
48472
48473
48371
48372
48469
48470
48472
48475
48371
48372
48469
48470
48472
48473
48371
48372
48472
48476
48371
48372
48472
48476
48478
48371
48372
48478
48480
48371
48372
48480
48482
48371
48372
48482
48485
48486
48487
48371
48372
48482
48484
48485
48486
48371
48372
48486
48488
48490
48371
48372
48486
48488
48489
48371
48372
48491
48371
48372
48493
48371
48372
48495
48371
48372
48497
48499
48371
48372
48499
48371
48372
48502
48371
48372
48504
48371
48372
48506
48371
48372
48508
48371
48372
48511
48371
48372
48513
48371
48372
48515
48371
48372
48517
48371
48372
48521
48371
48372
48523
48524
48525
48371
48372
48523
48371
48372
48527
48528
48530
48371
48372
48527
48528
48529
48371
48372
48531
48532
48371
48372
48532
48534
48371
48372
48534
48371
48372
48537
48371
48372
48539
48371
48372
48541
48542
48544
48371
48372
48542
48371
48372
48548
48371
48372
48550
48371
48372
48552
48371
48372
48554
48582
48583
48622
48582
48583
48625
48582
48583
48662
48582
48583
48664
48582
48583
48666
48582
48583
48668
48582
48583
48670
48582
48583
48681
48682
48683
48684
48685
48686
48582
48583
48681
48682
48683
48684
48685
48687
48582
48583
48681
48682
48683
48684
48686
48687
48582
48583
48684
48582
48583
48689
48690
48692
48693
48582
48583
48689
48690
48691
48693
48582
48583
48693
48694
48582
48583
48694
48582
48583
48697
48698
48699
48701
48582
48583
48697
48698
48700
48701
48582
48583
48701
48702
48582
48583
48702
48704
48705
48582
48583
48702
48704
48706
48582
48583
48707
48708
48582
48583
48708
48711
48582
48583
48711
48582
48583
48717
48582
48583
48719
48582
48583
48721
48582
48583
48723
48724
48725
48726
48582
48583
48723
48724
48726
48727
48582
48583
48724
48726
48727
48582
48583
48729
48730
48582
48583
48729
48732
48582
48583
48729
48734
48736
48582
48583
48729
48734
48582
48583
48737
48738
48582
48583
48738
48740
48582
48583
48740
48742
48582
48583
48742
48744
48582
48583
48744
48582
48583
48747
48582
48583
48749
48750
48582
48583
48750
48752
48582
48583
48752
48582
48583
48755
48582
48583
48761
48582
48583
48765
48582
48583
48770
48771
48773
48582
48583
48771
48789
48790
48829
48789
48790
48831
48789
48790
48868
48789
48790
48870
48789
48790
48872
48789
48790
48874
48789
48790
48876
48789
48790
48887
48888
48889
48890
48789
48790
48887
48888
48889
48891
48789
48790
48889
48892
48893
48894
48895
48897
48789
48790
48889
48892
48894
48895
48896
48897
48789
48790
48894
48895
48897
48789
48790
48894
48789
48790
48899
48900
48789
48790
48900
48902
48903
48905
48789
48790
48900
48902
48904
48905
48789
48790
48905
48789
48790
48907
48908
48909
48910
48789
48790
48907
48908
48910
48911
48789
48790
48910
48912
48789
48790
48912
48914
48789
48790
48914
48789
48790
48917
48789
48790
48921
48789
48790
48923
48789
48790
48925
48789
48790
48928
48789
48790
48930
48789
48790
48933
48789
48790
48935
48936
48789
48790
48936
48939
48940
48941
48789
48790
48936
48789
48790
48941
48943
48789
48790
48943
48945
48946
48789
48790
48945
48946
48948
48950
48789
48790
48945
48948
48789
48790
48948
48951
48789
48790
48951
48954
48789
48790
48954
48789
48790
48957
48789
48790
48959
48960
48789
48790
48959
48789
48790
48963
48789
48790
48968
48789
48790
48970
48972
48973
48789
48790
48972
48789
48790
48974
49261
49262
49301
49261
49262
49304
49261
49262
49341
49261
49262
49343
49261
49262
49345
49261
49262
49347
49261
49262
49349
49261
49262
49361
49362
49363
49365
49366
49261
49262
49361
49362
49363
49364
49366
49261
49262
49361
49362
49363
49364
49365
49261
49262
49367
49369
49261
49262
49369
49370
49261
49262
49370
49372
49373
49374
49261
49262
49370
49372
49261
49262
49372
49376
49377
49261
49262
49372
49379
49380
49261
49262
49379
49381
49261
49262
49381
49261
49262
49383
49384
49261
49262
49384
49261
49262
49387
49388
49389
49390
49391
49261
49262
49387
49388
49389
49261
49262
49388
49261
49262
49394
49261
49262
49396
49261
49262
49398
49261
49262
49400
49261
49262
49403
49261
49262
49405
49261
49262
49407
49261
49262
49409
49261
49262
49412
49261
49262
49414
49261
49262
49416
49261
49262
49418
49261
49262
49421
49261
49262
49423
49261
49262
49425
49261
49262
49427
49261
49262
49431
49433
49261
49262
49433
49435
49261
49262
49435
49436
49438
49261
49262
49436
49261
49262
49442
49261
49262
49448
49261
49262
49450
49261
49262
49452
49467
49468
49507
49467
49468
49509
49467
49468
49546
49467
49468
49548
49467
49468
49550
49467
49468
49552
49467
49468
49554
49467
49468
49565
49566
49567
49568
49570
49467
49468
49565
49567
49568
49570
49572
49467
49468
49565
49567
49572
49573
49467
49468
49567
49572
49573
49467
49468
49567
49573
49574
49467
49468
49575
49467
49468
49577
49578
49467
49468
49578
49580
49582
49467
49468
49580
49582
49467
49468
49582
49584
49467
49468
49584
49587
49467
49468
49587
49467
49468
49589
49590
49467
49468
49589
49592
49593
49467
49468
49589
49467
49468
49595
49467
49468
49599
49467
49468
49601
49602
49604
49467
49468
49602
49467
49468
49605
49606
49607
49467
49468
49605
49606
49608
49467
49468
49609
49610
49467
49468
49610
49467
49468
49613
49467
49468
49616
49467
49468
49619
49467
49468
49621
49622
49624
49467
49468
49621
49467
49468
49625
49626
49628
49467
49468
49626
49467
49468
49629
49467
49468
49631
49467
49468
49633
49467
49468
49635
49636
49467
49468
49635
49467
49468
49639
49467
49468
49644
49467
49468
49646
49467
49468
49648
49467
49468
49654
49671
49672
49711
49671
49672
49713
49671
49672
49750
49671
49672
49752
49671
49672
49754
49671
49672
49756
49671
49672
49758
49671
49672
49769
49770
49771
49671
49672
49770
49771
49773
49775
49776
49671
49672
49771
49773
49776
49777
49671
49672
49773
49776
49777
49671
49672
49773
49671
49672
49779
49781
49671
49672
49781
49782
49671
49672
49782
49784
49671
49672
49784
49786
49671
49672
49786
49788
49789
49671
49672
49786
49788
49671
49672
49791
49671
49672
49793
49671
49672
49795
49671
49672
49797
49671
49672
49799
49671
49672
49802
49671
49672
49804
49671
49672
49806
49671
49672
49808
49671
49672
49813
49671
49672
49815
49816
49671
49672
49816
49818
49820
49671
49672
49818
49820
49821
49671
49672
49818
49671
49672
49823
49824
49825
49826
49671
49672
49823
49824
49828
49671
49672
49823
49824
49826
49671
49672
49829
49671
49672
49831
49832
49671
49672
49832
49671
49672
49835
49671
49672
49839
49840
49842
49671
49672
49840
49671
49672
49843
49671
49672
49845
49671
49672
49850
49851
49853
49671
49672
49851
49671
49672
49854
49856
49671
49672
49856
49879
49880
49919
49879
49880
49921
49879
49880
49959
49879
49880
49961
49879
49880
49963
49879
49880
49965
49879
49880
49967
49879
49880
49978
49979
49980
49982
49879
49880
49978
49982
49879
49880
49982
49983
49984
49879
49880
49982
49983
49985
49879
49880
49986
49879
49880
49988
49879
49880
49990
49991
49879
49880
49991
49993
49994
49996
49879
49880
49991
49996
49879
49880
49996
49879
49880
49998
49999
50001
50002
49879
49880
49998
49999
50000
50001
49879
49880
50001
50004
49879
49880
50004
49879
49880
50006
50007
49879
49880
50007
49879
49880
50011
49879
49880
50015
49879
49880
50018
49879
49880
50020
50021
49879
49880
50021
50023
49879
49880
50023
49879
49880
50026
50027
50028
49879
49880
50027
50028
49879
49880
50028
50031
50032
50033
49879
49880
50031
50032
50035
50036
50037
49879
49880
50031
50032
50035
50036
49879
49880
50032
49879
49880
50038
49879
49880
50040
50041
50043
50044
49879
49880
50041
50043
50045
49879
49880
50043
49879
49880
50048
50049
50051
49879
49880
50049
50052
49879
49880
50052
49879
49880
50054
49879
49880
50060
49879
49880
50062
49879
49880
50064
49879
49880
50066
50089
50090
50129
50089
50090
50131
50089
50090
50168
50089
50090
50170
50089
50090
50172
50089
50090
50174
50089
50090
50176
50089
50090
50187
50188
50189
50191
50089
50090
50187
50189
50191
50089
50090
50189
50191
50089
50090
50191
50089
50090
50195
50196
50197
50199
50089
50090
50195
50196
50198
50199
50089
50090
50199
50089
50090
50201
50202
50204
50205
50089
50090
50202
50205
50206
50089
50090
50205
50089
50090
50207
50208
50209
50210
50089
50090
50207
50209
50212
50213
50089
50090
50209
50212
50089
50090
50212
50214
50215
50089
50090
50212
50089
50090
50217
50089
50090
50223
50089
50090
50225
50226
50227
50089
50090
50225
50226
50228
50089
50090
50229
50231
50089
50090
50231
50232
50089
50090
50232
50234
50089
50090
50234
50236
50237
50089
50090
50234
50236
50239
50089
50090
50240
50089
50090
50242
50089
50090
50244
50245
50246
50089
50090
50244
50089
50090
50248
50089
50090
50250
50089
50090
50252
50089
50090
50254
50089
50090
50256
50257
50089
50090
50256
50257
50089
50090
50260
50089
50090
50262
50089
50090
50267
50089
50090
50269
50089
50090
50271
50089
50090
50273
50302
50303
50342
50302
50303
50344
50302
50303
50381
50302
50303
50383
50302
50303
50385
50302
50303
50387
50302
50303
50389
50302
50303
50400
50401
50403
50302
50303
50401
50403
50404
50405
50406
50302
50303
50401
50403
50404
50405
50407
50302
50303
50403
50302
50303
50408
50302
50303
50410
50411
50412
50413
50302
50303
50410
50411
50413
50414
50302
50303
50410
50412
50413
50416
50302
50303
50416
50302
50303
50418
50302
50303
50420
50302
50303
50422
50424
50302
50303
50424
50425
50302
50303
50425
50302
50303
50428
50429
50302
50303
50429
50302
50303
50439
50302
50303
50441
50302
50303
50443
50302
50303
50445
50302
50303
50450
50302
50303
50452
50302
50303
50454
50302
50303
50456
50302
50303
50459
50302
50303
50461
50302
50303
50463
50302
50303
50465
50302
50303
50468
50302
50303
50470
50302
50303
50472
50302
50303
50474
50302
50303
50478
50302
50303
50480
50302
50303
50482
50302
50303
50484
50302
50303
50489
50302
50303
50491
50302
50303
50493
50494
50496
50302
50303
50493
50516
50517
50556
50516
50517
50558
50516
50517
50595
50516
50517
50597
50516
50517
50599
50516
50517
50601
50516
50517
50603
50516
50517
50614
50615
50616
50617
50618
50619
50516
50517
50614
50615
50616
50617
50618
50620
50516
50517
50614
50615
50616
50617
50619
50620
50516
50517
50617
50516
50517
50622
50516
50517
50624
50626
50516
50517
50626
50516
50517
50628
50516
50517
50630
50516
50517
50632
50516
50517
50634
50635
50516
50517
50635
50638
50516
50517
50638
50516
50517
50640
50641
50643
50516
50517
50640
50516
50517
50644
50516
50517
50648
50516
50517
50650
50651
50653
50516
50517
50651
50516
50517
50656
50657
50658
50660
50516
50517
50656
50657
50658
50659
50516
50517
50656
50658
50661
50663
50516
50517
50656
50658
50661
50516
50517
50664
50516
50517
50666
50516
50517
50668
50669
50516
50517
50669
50671
50516
50517
50671
50673
50674
50676
50516
50517
50671
50674
50676
50516
50517
50671
50516
50517
50678
50679
50516
50517
50679
50516
50517
50682
50516
50517
50684
50516
50517
50686
50687
50516
50517
50687
50516
50517
50692
50516
50517
50694
50516
50517
50698
50700
50516
50517
50700
50717
50718
50757
50717
50718
50759
50717
50718
50796
50717
50718
50798
50717
50718
50800
50717
50718
50802
50717
50718
50804
50717
50718
50815
50717
50718
50817
50818
50819
50820
50717
50718
50817
50818
50819
50821
50717
50718
50819
50823
50717
50718
50823
50717
50718
50825
50827
50717
50718
50827
50717
50718
50829
50830
50717
50718
50830
50833
50717
50718
50833
50835
50717
50718
50835
50836
50717
50718
50836
50717
50718
50839
50717
50718
50841
50717
50718
50843
50844
50717
50718
50844
50717
50718
50849
50717
50718
50851
50852
50717
50718
50852
50717
50718
50855
50856
50857
50717
50718
50855
50717
50718
50859
50717
50718
50861
50862
50864
50717
50718
50862
50717
50718
50866
50717
50718
50869
50717
50718
50871
50873
50717
50718
50873
50874
50875
50717
50718
50873
50717
50718
50877
50717
50718
50879
50717
50718
50881
50717
50718
50883
50717
50718
50885
50717
50718
50887
50889
50717
50718
50889
50717
50718
50893
50717
50718
50895
50717
50718
50897
50717
50718
50899
51003
51004
51043
51003
51004
51045
51003
51004
51082
